0.155074433333333	0.164068983333333	0.160583666666667	0.154507983333333	0.160714	0.170882283333333	0.1578953	0.130286616666667	0.162495433333333	0.153377683333333	0.14604815	0.110614783333333	0.113774733333333	0.109468333333333	0.110243483333333	0.114014433333333	0.112798316666667	0.112184316666667	0.123317616666667	0.111128016666667	0.119005533333333	0.117324666666667	0.121708633333333	0.11865955	0.116927083333333	0.117510566666667	0.114526533333333	0.117920733333333	0.117924516666667	0.114720066666667	0.117142683333333	0.111186383333333	0.107590283333333	 
0.164068983333333	0.18103545	0.174100516666667	0.167315616666667	0.174147366666667	0.1850268	0.17106005	0.138718933333333	0.176028583333333	0.165967716666667	0.157153383333333	0.115399933333333	0.118574416666667	0.114145716666667	0.114935516666667	0.118800466666667	0.117699916666667	0.117025366666667	0.12854565	0.116237533333333	0.1249023	0.122644283333333	0.128498933333333	0.12442445	0.122488366666667	0.123149366666667	0.119903383333333	0.123365266666667	0.123792516666667	0.120074133333333	0.122848966666667	0.11690405	0.113061216666667	 
0.160583666666667	0.174100516666667	0.174404033333333	0.163921216666667	0.170935433333333	0.181412083333333	0.1676956	0.134024283333333	0.172685666666667	0.162398	0.1530805	0.109562383333333	0.1124513	0.108398266666667	0.1090649	0.112754616666667	0.11176555	0.1110523	0.12182425	0.1106561	0.11913475	0.116621166666667	0.123248133333333	0.118646166666667	0.116720683333333	0.117367216666667	0.1142066	0.117436433333333	0.118185533333333	0.114333333333333	0.117204	0.111730083333333	0.108031	 
0.154507983333333	0.167315616666667	0.163921216666667	0.161045666666667	0.16391195	0.174151316666667	0.161254666666667	0.130468166666667	0.165644933333333	0.156369566666667	0.147950083333333	0.108318933333333	0.111332033333333	0.107198016666667	0.10788365	0.111543383333333	0.110457266666667	0.109861833333333	0.120597516666667	0.109108866666667	0.117325416666667	0.115186133333333	0.120828416666667	0.11688975	0.115009233333333	0.11555875	0.112490066666667	0.11577515	0.1162327	0.112666883333333	0.115291733333333	0.109490216666667	0.106126916666667	 
0.160714	0.174147366666667	0.170935433333333	0.16391195	0.1743973	0.181509883333333	0.1676507	0.134952816666667	0.172735983333333	0.1624808	0.153494366666667	0.111307566666667	0.11425955	0.110058366666667	0.110764483333333	0.114542833333333	0.1135107	0.112755383333333	0.123732666666667	0.112297583333333	0.120688033333333	0.118337133333333	0.124513016666667	0.120188466666667	0.1183727	0.119024766666667	0.1159497	0.119190216666667	0.119735016666667	0.11604065	0.118853533333333	0.113362216666667	0.109494066666667	 
0.170882283333333	0.1850268	0.181412083333333	0.174151316666667	0.181509883333333	0.1962621	0.1780678	0.1446455	0.18359775	0.172657333333333	0.163586833333333	0.120637833333333	0.12387975	0.11927765	0.120077333333333	0.124162016666667	0.123023916666667	0.12221885	0.134152083333333	0.121574516666667	0.130332983333333	0.128094466666667	0.134017266666667	0.129875133333333	0.128033766666667	0.128745016666667	0.1254426	0.129056866666667	0.1293814	0.125563116666667	0.128499733333333	0.122607233333333	0.1182715	 
0.1578953	0.17106005	0.1676956	0.161254666666667	0.1676507	0.1780678	0.168110733333333	0.13245175	0.169361166666667	0.15990025	0.15088065	0.10892515	0.111919866666667	0.10776105	0.10844875	0.112114533333333	0.111090583333333	0.110481483333333	0.12132015	0.109790433333333	0.11828485	0.115931683333333	0.122176266666667	0.11779975	0.1157919	0.11641075	0.1132144	0.116525883333333	0.11716625	0.113411633333333	0.1161638	0.1103162	0.107018033333333	 
0.130286616666667	0.138718933333333	0.134024283333333	0.130468166666667	0.134952816666667	0.1446455	0.13245175	0.1337975	0.13715845	0.12973415	0.131652166666667	0.131679616666667	0.136574566666667	0.130372583333333	0.131868883333333	0.136486383333333	0.13417225	0.133640933333333	0.14838455	0.129796916666667	0.135145133333333	0.1373526	0.13124305	0.135531833333333	0.1351248	0.13533895	0.13300105	0.137637083333333	0.133984516666667	0.133314083333333	0.134139933333333	0.126153133333333	0.1213162	 
0.162495433333333	0.176028583333333	0.172685666666667	0.165644933333333	0.172735983333333	0.18359775	0.169361166666667	0.13715845	0.1781913	0.164080383333333	0.155347366666667	0.113954566666667	0.117019833333333	0.112656883333333	0.113436266666667	0.11727435	0.116167333333333	0.1154785	0.126903416666667	0.1148002	0.12327815	0.121058483333333	0.126916833333333	0.122820866666667	0.1209688	0.12160615	0.118456516666667	0.12185825	0.12227915	0.118582733333333	0.121386666666667	0.115568383333333	0.111721516666667	 
0.153377683333333	0.165967716666667	0.162398	0.156369566666667	0.1624808	0.172657333333333	0.15990025	0.12973415	0.164080383333333	0.158908333333333	0.147179933333333	0.108014283333333	0.111027216666667	0.106891316666667	0.107590316666667	0.111267633333333	0.1101849	0.109563166666667	0.120429233333333	0.1088282	0.116791733333333	0.114775983333333	0.120204533333333	0.11638955	0.11458675	0.115226366666667	0.112202283333333	0.115446266666667	0.115797366666667	0.112357133333333	0.11493255	0.1094164	0.105788733333333	 
0.14604815	0.157153383333333	0.1530805	0.147950083333333	0.153494366666667	0.163586833333333	0.15088065	0.131652166666667	0.155347366666667	0.147179933333333	0.146134183333333	0.118476283333333	0.1222429	0.117235483333333	0.118272083333333	0.122317483333333	0.120766216666667	0.120170483333333	0.1324766	0.118226533333333	0.125348883333333	0.124926466666667	0.125895816666667	0.125265066666667	0.1238737	0.124347533333333	0.121561966666667	0.125382483333333	0.124202083333333	0.121781416666667	0.12368805	0.117153233333333	0.113000783333333	 
0.110614783333333	0.115399933333333	0.109562383333333	0.108318933333333	0.111307566666667	0.120637833333333	0.10892515	0.131679616666667	0.113954566666667	0.108014283333333	0.118476283333333	0.156934983333333	0.159853016666667	0.151931333333333	0.1541711	0.159747516666667	0.156504483333333	0.15537375	0.173229416666667	0.149887666666667	0.151730566666667	0.157911483333333	0.141248433333333	0.152954083333333	0.154870383333333	0.154690116666667	0.153404266666667	0.1592065	0.1516128	0.1536518	0.152972983333333	0.144820283333333	0.1368454	 
0.113774733333333	0.118574416666667	0.1124513	0.111332033333333	0.11425955	0.12387975	0.111919866666667	0.136574566666667	0.117019833333333	0.111027216666667	0.1222429	0.159853016666667	0.170039933333333	0.158301633333333	0.1606543	0.16645075	0.162874116666667	0.1621711	0.181537633333333	0.155478133333333	0.15793765	0.16445155	0.147032666666667	0.1592076	0.160524933333333	0.160318383333333	0.158719366666667	0.164874716666667	0.15711105	0.159167516666667	0.158303433333333	0.148284016666667	0.141488466666667	 
0.109468333333333	0.114145716666667	0.108398266666667	0.107198016666667	0.110058366666667	0.11927765	0.10776105	0.130372583333333	0.112656883333333	0.106891316666667	0.117235483333333	0.151931333333333	0.158301633333333	0.1536678	0.15257425	0.1580922	0.154767416666667	0.153970783333333	0.17230925	0.1479584	0.150179716666667	0.156259433333333	0.139950833333333	0.151332433333333	0.152802133333333	0.152612316666667	0.15113495	0.156954566666667	0.149619916666667	0.15150625	0.150770166666667	0.141773716666667	0.134838683333333	 
0.110243483333333	0.114935516666667	0.1090649	0.10788365	0.110764483333333	0.120077333333333	0.10844875	0.131868883333333	0.113436266666667	0.107590316666667	0.118272083333333	0.1541711	0.1606543	0.15257425	0.15799815	0.16044575	0.157086483333333	0.15622535	0.174757183333333	0.150109483333333	0.152245466666667	0.158508883333333	0.141759683333333	0.153467333333333	0.154984983333333	0.154788183333333	0.153297533333333	0.1592312	0.151721833333333	0.153708083333333	0.1529122	0.143743016666667	0.136703483333333	 
0.114014433333333	0.118800466666667	0.112754616666667	0.111543383333333	0.114542833333333	0.124162016666667	0.112114533333333	0.136486383333333	0.11727435	0.111267633333333	0.122317483333333	0.159747516666667	0.16645075	0.1580922	0.16044575	0.169552083333333	0.162782566666667	0.161794383333333	0.181007083333333	0.155598616666667	0.157660433333333	0.164190666666667	0.146765933333333	0.15891855	0.160690433333333	0.160461	0.159017516666667	0.165128133333333	0.157287433333333	0.159363	0.158573083333333	0.149377816666667	0.141768666666667	 
0.112798316666667	0.117699916666667	0.11176555	0.110457266666667	0.1135107	0.123023916666667	0.111090583333333	0.13417225	0.116167333333333	0.1101849	0.120766216666667	0.156504483333333	0.162874116666667	0.154767416666667	0.157086483333333	0.162782566666667	0.162753933333333	0.15829195	0.176635833333333	0.152663483333333	0.154472883333333	0.160775116666667	0.143925033333333	0.15571615	0.1576947	0.1575289	0.156206983333333	0.162136466666667	0.154420033333333	0.156473466666667	0.155769866666667	0.147384433333333	0.139382366666667	 
0.112184316666667	0.117025366666667	0.1110523	0.109861833333333	0.112755383333333	0.12221885	0.110481483333333	0.133640933333333	0.1154785	0.109563166666667	0.120170483333333	0.15537375	0.1621711	0.153970783333333	0.15622535	0.161794383333333	0.15829195	0.161056766666667	0.176837316666667	0.151087283333333	0.153885983333333	0.160040416666667	0.143512283333333	0.155042633333333	0.15605145	0.155837533333333	0.15415295	0.16011115	0.1527888	0.1546459	0.1538343	0.14373885	0.137532783333333	 
0.123317616666667	0.12854565	0.12182425	0.120597516666667	0.123732666666667	0.134152083333333	0.12132015	0.14838455	0.126903416666667	0.120429233333333	0.1324766	0.173229416666667	0.181537633333333	0.17230925	0.174757183333333	0.181007083333333	0.176635833333333	0.176837316666667	0.208972483333333	0.167900583333333	0.171327616666667	0.178479916666667	0.16008525	0.172646483333333	0.172963216666667	0.1726984	0.170480083333333	0.177263483333333	0.1692448	0.171256916666667	0.17020345	0.156798283333333	0.152007066666667	 
0.111128016666667	0.116237533333333	0.1106561	0.109108866666667	0.112297583333333	0.121574516666667	0.109790433333333	0.129796916666667	0.1148002	0.1088282	0.118226533333333	0.149887666666667	0.155478133333333	0.1479584	0.150109483333333	0.155598616666667	0.152663483333333	0.151087283333333	0.167900583333333	0.150429266666667	0.148104633333333	0.153886383333333	0.138224533333333	0.14930525	0.151795016666667	0.151646516666667	0.15062135	0.156112766666667	0.148737966666667	0.150675533333333	0.150249316666667	0.144747616666667	0.134677033333333	 
0.119005533333333	0.1249023	0.11913475	0.117325416666667	0.120688033333333	0.130332983333333	0.11828485	0.135145133333333	0.12327815	0.116791733333333	0.125348883333333	0.151730566666667	0.15793765	0.150179716666667	0.152245466666667	0.157660433333333	0.154472883333333	0.153885983333333	0.171327616666667	0.148104633333333	0.154871916666667	0.15676545	0.142676483333333	0.152603183333333	0.153274233333333	0.153204566666667	0.15133545	0.156982816666667	0.15054075	0.15175085	0.1513903	0.1420708	0.135737866666667	 
0.117324666666667	0.122644283333333	0.116621166666667	0.115186133333333	0.118337133333333	0.128094466666667	0.115931683333333	0.1373526	0.121058483333333	0.114775983333333	0.124926466666667	0.157911483333333	0.16445155	0.156259433333333	0.158508883333333	0.164190666666667	0.160775116666667	0.160040416666667	0.178479916666667	0.153886383333333	0.15676545	0.166011083333333	0.14651565	0.157899716666667	0.1590767	0.158907333333333	0.157226483333333	0.163199116666667	0.1559291	0.15762545	0.1569727	0.147371	0.1405089	 
0.121708633333333	0.128498933333333	0.123248133333333	0.120828416666667	0.124513016666667	0.134017266666667	0.122176266666667	0.13124305	0.126916833333333	0.120204533333333	0.125895816666667	0.141248433333333	0.147032666666667	0.139950833333333	0.141759683333333	0.146765933333333	0.143925033333333	0.143512283333333	0.16008525	0.138224533333333	0.142676483333333	0.14651565	0.13938515	0.1433404	0.143391866666667	0.1433686	0.14126915	0.146538433333333	0.141303316666667	0.141713433333333	0.141772466666667	0.132557366666667	0.127509416666667	 
0.11865955	0.12442445	0.118646166666667	0.11688975	0.120188466666667	0.129875133333333	0.11779975	0.135531833333333	0.122820866666667	0.11638955	0.125265066666667	0.152954083333333	0.1592076	0.151332433333333	0.153467333333333	0.15891855	0.15571615	0.155042633333333	0.172646483333333	0.14930525	0.152603183333333	0.157899716666667	0.1433404	0.156746266666667	0.154474483333333	0.154375816666667	0.152623766666667	0.158322283333333	0.151670533333333	0.152973383333333	0.152559716666667	0.143381933333333	0.1367237	 
0.116927083333333	0.122488366666667	0.116720683333333	0.115009233333333	0.1183727	0.128033766666667	0.1157919	0.1351248	0.1209688	0.11458675	0.1238737	0.154870383333333	0.160524933333333	0.152802133333333	0.154984983333333	0.160690433333333	0.1576947	0.15605145	0.172963216666667	0.151795016666667	0.153274233333333	0.1590767	0.143391866666667	0.154474483333333	0.160319816666667	0.156983933333333	0.15582245	0.1615261	0.154054466666667	0.155836166666667	0.1555178	0.149059866666667	0.139405666666667	 
0.117510566666667	0.123149366666667	0.117367216666667	0.11555875	0.119024766666667	0.128745016666667	0.11641075	0.13533895	0.12160615	0.115226366666667	0.124347533333333	0.154690116666667	0.160318383333333	0.152612316666667	0.154788183333333	0.160461	0.1575289	0.155837533333333	0.1726984	0.151646516666667	0.153204566666667	0.158907333333333	0.1433686	0.154375816666667	0.156983933333333	0.1600924	0.155676016666667	0.1613613	0.15395705	0.155715216666667	0.155394116666667	0.148946516666667	0.139342066666667	 
0.114526533333333	0.119903383333333	0.1142066	0.112490066666667	0.1159497	0.1254426	0.1132144	0.13300105	0.118456516666667	0.112202283333333	0.121561966666667	0.153404266666667	0.158719366666667	0.15113495	0.153297533333333	0.159017516666667	0.156206983333333	0.15415295	0.170480083333333	0.15062135	0.15133545	0.157226483333333	0.14126915	0.152623766666667	0.15582245	0.155676016666667	0.1581634	0.1604618	0.152707133333333	0.15477335	0.15445	0.149420366666667	0.138514183333333	 
0.117920733333333	0.123365266666667	0.117436433333333	0.11577515	0.119190216666667	0.129056866666667	0.116525883333333	0.137637083333333	0.12185825	0.115446266666667	0.125382483333333	0.1592065	0.164874716666667	0.156954566666667	0.1592312	0.165128133333333	0.162136466666667	0.16011115	0.177263483333333	0.156112766666667	0.156982816666667	0.163199116666667	0.146538433333333	0.158322283333333	0.1615261	0.1613613	0.1604618	0.169943716666667	0.158273333333333	0.160414783333333	0.159979983333333	0.1541137	0.143421633333333	 
0.117924516666667	0.123792516666667	0.118185533333333	0.1162327	0.119735016666667	0.1293814	0.11716625	0.133984516666667	0.12227915	0.115797366666667	0.124202083333333	0.1516128	0.15711105	0.149619916666667	0.151721833333333	0.157287433333333	0.154420033333333	0.1527888	0.1692448	0.148737966666667	0.15054075	0.1559291	0.141303316666667	0.151670533333333	0.154054466666667	0.15395705	0.152707133333333	0.158273333333333	0.15448055	0.152748	0.152574783333333	0.14620255	0.13688765	 
0.114720066666667	0.120074133333333	0.114333333333333	0.112666883333333	0.11604065	0.125563116666667	0.113411633333333	0.133314083333333	0.118582733333333	0.112357133333333	0.121781416666667	0.1536518	0.159167516666667	0.15150625	0.153708083333333	0.159363	0.156473466666667	0.1546459	0.171256916666667	0.150675533333333	0.15175085	0.15762545	0.141713433333333	0.152973383333333	0.155836166666667	0.155715216666667	0.15477335	0.160414783333333	0.152748	0.15795395	0.154400733333333	0.148623016666667	0.1383725	 
0.117142683333333	0.122848966666667	0.117204	0.115291733333333	0.118853533333333	0.128499733333333	0.1161638	0.134139933333333	0.121386666666667	0.11493255	0.12368805	0.152972983333333	0.158303433333333	0.150770166666667	0.1529122	0.158573083333333	0.155769866666667	0.1538343	0.17020345	0.150249316666667	0.1513903	0.1569727	0.141772466666667	0.152559716666667	0.1555178	0.155394116666667	0.15445	0.159979983333333	0.152574783333333	0.154400733333333	0.1573636	0.14886405	0.138324683333333	 
0.111186383333333	0.11690405	0.111730083333333	0.109490216666667	0.113362216666667	0.122607233333333	0.1103162	0.126153133333333	0.115568383333333	0.1094164	0.117153233333333	0.144820283333333	0.148284016666667	0.141773716666667	0.143743016666667	0.149377816666667	0.147384433333333	0.14373885	0.156798283333333	0.144747616666667	0.1420708	0.147371	0.132557366666667	0.143381933333333	0.149059866666667	0.148946516666667	0.149420366666667	0.1541137	0.14620255	0.148623016666667	0.14886405	0.155996583333333	0.134025133333333	 
0.107590283333333	0.113061216666667	0.108031	0.106126916666667	0.109494066666667	0.1182715	0.107018033333333	0.1213162	0.111721516666667	0.105788733333333	0.113000783333333	0.1368454	0.141488466666667	0.134838683333333	0.136703483333333	0.141768666666667	0.139382366666667	0.137532783333333	0.152007066666667	0.134677033333333	0.135737866666667	0.1405089	0.127509416666667	0.1367237	0.139405666666667	0.139342066666667	0.138514183333333	0.143421633333333	0.13688765	0.1383725	0.138324683333333	0.134025133333333	0.1276475	 
